A4 A3 A2 A1 B4 B3 B2 B1 C5 C4 C3 C2 C1
0  0  0  0  0  0  0  0  0  0  0  0  0  
0  0  0  0  0  0  0  1  0  0  0  0  1  
0  0  0  0  0  0  1  0  0  0  0  1  0  
0  0  0  0  0  0  1  1  0  0  0  1  1  
0  0  0  0  0  1  0  0  0  0  1  0  0  
0  0  0  0  0  1  0  1  0  0  1  0  1  
0  0  0  0  0  1  1  0  0  0  1  1  0  
0  0  0  0  0  1  1  1  0  0  1  1  1  
0  0  0  0  1  0  0  0  0  1  0  0  0  
0  0  0  0  1  0  0  1  0  1  0  0  1  
0  0  0  0  1  0  1  0  0  1  0  1  0  
0  0  0  0  1  0  1  1  0  1  0  1  1  
0  0  0  0  1  1  0  0  0  1  1  0  0  
0  0  0  0  1  1  0  1  0  1  1  0  1  
0  0  0  0  1  1  1  0  0  1  1  1  0  
0  0  0  0  1  1  1  1  0  1  1  1  1  
0  0  0  1  0  0  0  0  0  0  0  0  1  
0  0  0  1  0  0  0  1  0  0  0  1  0  
0  0  0  1  0  0  1  0  0  0  0  1  1  
0  0  0  1  0  0  1  1  0  0  1  0  0  
0  0  0  1  0  1  0  0  0  0  1  0  1  
0  0  0  1  0  1  0  1  0  0  1  1  0  
0  0  0  1  0  1  1  0  0  0  1  1  1  
0  0  0  1  0  1  1  1  0  1  0  0  0  
0  0  0  1  1  0  0  0  0  1  0  0  1  
0  0  0  1  1  0  0  1  0  1  0  1  0  
0  0  0  1  1  0  1  0  0  1  0  1  1  
0  0  0  1  1  0  1  1  0  1  1  0  0  
0  0  0  1  1  1  0  0  0  1  1  0  1  
0  0  0  1  1  1  0  1  0  1  1  1  0  
0  0  0  1  1  1  1  0  0  1  1  1  1  
0  0  0  1  1  1  1  1  1  0  0  0  0  
0  0  1  0  0  0  0  0  0  0  0  1  0  
0  0  1  0  0  0  0  1  0  0  0  1  1  
0  0  1  0  0  0  1  0  0  0  1  0  0  
0  0  1  0  0  0  1  1  0  0  1  0  1  
0  0  1  0  0  1  0  0  0  0  1  1  0  
0  0  1  0  0  1  0  1  0  0  1  1  1  
0  0  1  0  0  1  1  0  0  1  0  0  0  
0  0  1  0  0  1  1  1  0  1  0  0  1  
0  0  1  0  1  0  0  0  0  1  0  1  0  
0  0  1  0  1  0  0  1  0  1  0  1  1  
0  0  1  0  1  0  1  0  0  1  1  0  0  
0  0  1  0  1  0  1  1  0  1  1  0  1  
0  0  1  0  1  1  0  0  0  1  1  1  0  
0  0  1  0  1  1  0  1  0  1  1  1  1  
0  0  1  0  1  1  1  0  1  0  0  0  0  
0  0  1  0  1  1  1  1  1  0  0  0  1  
0  0  1  1  0  0  0  0  0  0  0  1  1  
0  0  1  1  0  0  0  1  0  0  1  0  0  
0  0  1  1  0  0  1  0  0  0  1  0  1  
0  0  1  1  0  0  1  1  0  0  1  1  0  
0  0  1  1  0  1  0  0  0  0  1  1  1  
0  0  1  1  0  1  0  1  0  1  0  0  0  
0  0  1  1  0  1  1  0  0  1  0  0  1  
0  0  1  1  0  1  1  1  0  1  0  1  0  
0  0  1  1  1  0  0  0  0  1  0  1  1  
0  0  1  1  1  0  0  1  0  1  1  0  0  
0  0  1  1  1  0  1  0  0  1  1  0  1  
0  0  1  1  1  0  1  1  0  1  1  1  0  
0  0  1  1  1  1  0  0  0  1  1  1  1  
0  0  1  1  1  1  0  1  1  0  0  0  0  
0  0  1  1  1  1  1  0  1  0  0  0  1  
0  0  1  1  1  1  1  1  1  0  0  1  0  
0  1  0  0  0  0  0  0  0  0  1  0  0  
0  1  0  0  0  0  0  1  0  0  1  0  1  
0  1  0  0  0  0  1  0  0  0  1  1  0  
0  1  0  0  0  0  1  1  0  0  1  1  1  
0  1  0  0  0  1  0  0  0  1  0  0  0  
0  1  0  0  0  1  0  1  0  1  0  0  1  
0  1  0  0  0  1  1  0  0  1  0  1  0  
0  1  0  0  0  1  1  1  0  1  0  1  1  
0  1  0  0  1  0  0  0  0  1  1  0  0  
0  1  0  0  1  0  0  1  0  1  1  0  1  
0  1  0  0  1  0  1  0  0  1  1  1  0  
0  1  0  0  1  0  1  1  0  1  1  1  1  
0  1  0  0  1  1  0  0  1  0  0  0  0  
0  1  0  0  1  1  0  1  1  0  0  0  1  
0  1  0  0  1  1  1  0  1  0  0  1  0  
0  1  0  0  1  1  1  1  1  0  0  1  1  
0  1  0  1  0  0  0  0  0  0  1  0  1  
0  1  0  1  0  0  0  1  0  0  1  1  0  
0  1  0  1  0  0  1  0  0  0  1  1  1  
0  1  0  1  0  0  1  1  0  1  0  0  0  
0  1  0  1  0  1  0  0  0  1  0  0  1  
0  1  0  1  0  1  0  1  0  1  0  1  0  
0  1  0  1  0  1  1  0  0  1  0  1  1  
0  1  0  1  0  1  1  1  0  1  1  0  0  
0  1  0  1  1  0  0  0  0  1  1  0  1  
0  1  0  1  1  0  0  1  0  1  1  1  0  
0  1  0  1  1  0  1  0  0  1  1  1  1  
0  1  0  1  1  0  1  1  1  0  0  0  0  
0  1  0  1  1  1  0  0  1  0  0  0  1  
0  1  0  1  1  1  0  1  1  0  0  1  0  
0  1  0  1  1  1  1  0  1  0  0  1  1  
0  1  0  1  1  1  1  1  1  0  1  0  0  
0  1  1  0  0  0  0  0  0  0  1  1  0  
0  1  1  0  0  0  0  1  0  0  1  1  1  
0  1  1  0  0  0  1  0  0  1  0  0  0  
0  1  1  0  0  0  1  1  0  1  0  0  1  
0  1  1  0  0  1  0  0  0  1  0  1  0  
0  1  1  0  0  1  0  1  0  1  0  1  1  
0  1  1  0  0  1  1  0  0  1  1  0  0  
0  1  1  0  0  1  1  1  0  1  1  0  1  
0  1  1  0  1  0  0  0  0  1  1  1  0  
0  1  1  0  1  0  0  1  0  1  1  1  1  
0  1  1  0  1  0  1  0  1  0  0  0  0  
0  1  1  0  1  0  1  1  1  0  0  0  1  
0  1  1  0  1  1  0  0  1  0  0  1  0  
0  1  1  0  1  1  0  1  1  0  0  1  1  
0  1  1  0  1  1  1  0  1  0  1  0  0  
0  1  1  0  1  1  1  1  1  0  1  0  1  
0  1  1  1  0  0  0  0  0  0  1  1  1  
0  1  1  1  0  0  0  1  0  1  0  0  0  
0  1  1  1  0  0  1  0  0  1  0  0  1  
0  1  1  1  0  0  1  1  0  1  0  1  0  
0  1  1  1  0  1  0  0  0  1  0  1  1  
0  1  1  1  0  1  0  1  0  1  1  0  0  
0  1  1  1  0  1  1  0  0  1  1  0  1  
0  1  1  1  0  1  1  1  0  1  1  1  0  
0  1  1  1  1  0  0  0  0  1  1  1  1  
0  1  1  1  1  0  0  1  1  0  0  0  0  
0  1  1  1  1  0  1  0  1  0  0  0  1  
0  1  1  1  1  0  1  1  1  0  0  1  0  
0  1  1  1  1  1  0  0  1  0  0  1  1  
0  1  1  1  1  1  0  1  1  0  1  0  0  
0  1  1  1  1  1  1  0  1  0  1  0  1  
0  1  1  1  1  1  1  1  1  0  1  1  0  
1  0  0  0  0  0  0  0  0  1  0  0  0  
1  0  0  0  0  0  0  1  0  1  0  0  1  
1  0  0  0  0  0  1  0  0  1  0  1  0  
1  0  0  0  0  0  1  1  0  1  0  1  1  
1  0  0  0  0  1  0  0  0  1  1  0  0  
1  0  0  0  0  1  0  1  0  1  1  0  1  
1  0  0  0  0  1  1  0  0  1  1  1  0  
1  0  0  0  0  1  1  1  0  1  1  1  1  
1  0  0  0  1  0  0  0  1  0  0  0  0  
1  0  0  0  1  0  0  1  1  0  0  0  1  
1  0  0  0  1  0  1  0  1  0  0  1  0  
1  0  0  0  1  0  1  1  1  0  0  1  1  
1  0  0  0  1  1  0  0  1  0  1  0  0  
1  0  0  0  1  1  0  1  1  0  1  0  1  
1  0  0  0  1  1  1  0  1  0  1  1  0  
1  0  0  0  1  1  1  1  1  0  1  1  1  
1  0  0  1  0  0  0  0  0  1  0  0  1  
1  0  0  1  0  0  0  1  0  1  0  1  0  
1  0  0  1  0  0  1  0  0  1  0  1  1  
1  0  0  1  0  0  1  1  0  1  1  0  0  
1  0  0  1  0  1  0  0  0  1  1  0  1  
1  0  0  1  0  1  0  1  0  1  1  1  0  
1  0  0  1  0  1  1  0  0  1  1  1  1  
1  0  0  1  0  1  1  1  1  0  0  0  0  
1  0  0  1  1  0  0  0  1  0  0  0  1  
1  0  0  1  1  0  0  1  1  0  0  1  0  
1  0  0  1  1  0  1  0  1  0  0  1  1  
1  0  0  1  1  0  1  1  1  0  1  0  0  
1  0  0  1  1  1  0  0  1  0  1  0  1  
1  0  0  1  1  1  0  1  1  0  1  1  0  
1  0  0  1  1  1  1  0  1  0  1  1  1  
1  0  0  1  1  1  1  1  1  1  0  0  0  
1  0  1  0  0  0  0  0  0  1  0  1  0  
1  0  1  0  0  0  0  1  0  1  0  1  1  
1  0  1  0  0  0  1  0  0  1  1  0  0  
1  0  1  0  0  0  1  1  0  1  1  0  1  
1  0  1  0  0  1  0  0  0  1  1  1  0  
1  0  1  0  0  1  0  1  0  1  1  1  1  
1  0  1  0  0  1  1  0  1  0  0  0  0  
1  0  1  0  0  1  1  1  1  0  0  0  1  
1  0  1  0  1  0  0  0  1  0  0  1  0  
1  0  1  0  1  0  0  1  1  0  0  1  1  
1  0  1  0  1  0  1  0  1  0  1  0  0  
1  0  1  0  1  0  1  1  1  0  1  0  1  
1  0  1  0  1  1  0  0  1  0  1  1  0  
1  0  1  0  1  1  0  1  1  0  1  1  1  
1  0  1  0  1  1  1  0  1  1  0  0  0  
1  0  1  0  1  1  1  1  1  1  0  0  1  
1  0  1  1  0  0  0  0  0  1  0  1  1  
1  0  1  1  0  0  0  1  0  1  1  0  0  
1  0  1  1  0  0  1  0  0  1  1  0  1  
1  0  1  1  0  0  1  1  0  1  1  1  0  
1  0  1  1  0  1  0  0  0  1  1  1  1  
1  0  1  1  0  1  0  1  1  0  0  0  0  
1  0  1  1  0  1  1  0  1  0  0  0  1  
1  0  1  1  0  1  1  1  1  0  0  1  0  
1  0  1  1  1  0  0  0  1  0  0  1  1  
1  0  1  1  1  0  0  1  1  0  1  0  0  
1  0  1  1  1  0  1  0  1  0  1  0  1  
1  0  1  1  1  0  1  1  1  0  1  1  0  
1  0  1  1  1  1  0  0  1  0  1  1  1  
1  0  1  1  1  1  0  1  1  1  0  0  0  
1  0  1  1  1  1  1  0  1  1  0  0  1  
1  0  1  1  1  1  1  1  1  1  0  1  0  
1  1  0  0  0  0  0  0  0  1  1  0  0  
1  1  0  0  0  0  0  1  0  1  1  0  1  
1  1  0  0  0  0  1  0  0  1  1  1  0  
1  1  0  0  0  0  1  1  0  1  1  1  1  
1  1  0  0  0  1  0  0  1  0  0  0  0  
1  1  0  0  0  1  0  1  1  0  0  0  1  
1  1  0  0  0  1  1  0  1  0  0  1  0  
1  1  0  0  0  1  1  1  1  0  0  1  1  
1  1  0  0  1  0  0  0  1  0  1  0  0  
1  1  0  0  1  0  0  1  1  0  1  0  1  
1  1  0  0  1  0  1  0  1  0  1  1  0  
1  1  0  0  1  0  1  1  1  0  1  1  1  
1  1  0  0  1  1  0  0  1  1  0  0  0  
1  1  0  0  1  1  0  1  1  1  0  0  1  
1  1  0  0  1  1  1  0  1  1  0  1  0  
1  1  0  0  1  1  1  1  1  1  0  1  1  
1  1  0  1  0  0  0  0  0  1  1  0  1  
1  1  0  1  0  0  0  1  0  1  1  1  0  
1  1  0  1  0  0  1  0  0  1  1  1  1  
1  1  0  1  0  0  1  1  1  0  0  0  0  
1  1  0  1  0  1  0  0  1  0  0  0  1  
1  1  0  1  0  1  0  1  1  0  0  1  0  
1  1  0  1  0  1  1  0  1  0  0  1  1  
1  1  0  1  0  1  1  1  1  0  1  0  0  
1  1  0  1  1  0  0  0  1  0  1  0  1  
1  1  0  1  1  0  0  1  1  0  1  1  0  
1  1  0  1  1  0  1  0  1  0  1  1  1  
1  1  0  1  1  0  1  1  1  1  0  0  0  
1  1  0  1  1  1  0  0  1  1  0  0  1  
1  1  0  1  1  1  0  1  1  1  0  1  0  
1  1  0  1  1  1  1  0  1  1  0  1  1  
1  1  0  1  1  1  1  1  1  1  1  0  0  
1  1  1  0  0  0  0  0  0  1  1  1  0  
1  1  1  0  0  0  0  1  0  1  1  1  1  
1  1  1  0  0  0  1  0  1  0  0  0  0  
1  1  1  0  0  0  1  1  1  0  0  0  1  
1  1  1  0  0  1  0  0  1  0  0  1  0  
1  1  1  0  0  1  0  1  1  0  0  1  1  
1  1  1  0  0  1  1  0  1  0  1  0  0  
1  1  1  0  0  1  1  1  1  0  1  0  1  
1  1  1  0  1  0  0  0  1  0  1  1  0  
1  1  1  0  1  0  0  1  1  0  1  1  1  
1  1  1  0  1  0  1  0  1  1  0  0  0  
1  1  1  0  1  0  1  1  1  1  0  0  1  
1  1  1  0  1  1  0  0  1  1  0  1  0  
1  1  1  0  1  1  0  1  1  1  0  1  1  
1  1  1  0  1  1  1  0  1  1  1  0  0  
1  1  1  0  1  1  1  1  1  1  1  0  1  
1  1  1  1  0  0  0  0  0  1  1  1  1  
1  1  1  1  0  0  0  1  1  0  0  0  0  
1  1  1  1  0  0  1  0  1  0  0  0  1  
1  1  1  1  0  0  1  1  1  0  0  1  0  
1  1  1  1  0  1  0  0  1  0  0  1  1  
1  1  1  1  0  1  0  1  1  0  1  0  0  
1  1  1  1  0  1  1  0  1  0  1  0  1  
1  1  1  1  0  1  1  1  1  0  1  1  0  
1  1  1  1  1  0  0  0  1  0  1  1  1  
1  1  1  1  1  0  0  1  1  1  0  0  0  
1  1  1  1  1  0  1  0  1  1  0  0  1  
1  1  1  1  1  0  1  1  1  1  0  1  0  
1  1  1  1  1  1  0  0  1  1  0  1  1  
1  1  1  1  1  1  0  1  1  1  1  0  0  
1  1  1  1  1  1  1  0  1  1  1  0  1  
1  1  1  1  1  1  1  1  1  1  1  1  0  
